name: julie-coling-2018
channels:
  - defaults
dependencies:
  - absl-py=0.2.2=py36_0
  - bleach=1.5.0=py36_0
  - ca-certificates=2018.03.07=0
  - certifi=2018.4.16=py36_0
  - cycler=0.10.0=py36h93f1223_0
  - dbus=1.13.2=h714fa37_1
  - expat=2.2.5=he0dffb1_0
  - fontconfig=2.12.6=h49f89f6_0
  - freetype=2.8=hab7d2ae_1
  - glib=2.56.1=h000015b_0
  - gst-plugins-base=1.14.0=hbbd80ab_1
  - gstreamer=1.14.0=hb453b48_1
  - h5py=2.8.0=py36ha1f6525_0
  - hdf5=1.10.2=hba1933b_1
  - html5lib=0.9999999=py36_0
  - icu=58.2=h9c2bf20_1
  - intel-openmp=2018.0.3=0
  - jpeg=9b=h024ee3a_2
  - keras=2.1.3=py36_0
  - kiwisolver=1.0.1=py36h764f252_0
  - libedit=3.1.20170329=h6b74fdf_2
  - libffi=3.2.1=hd88cf55_4
  - libgcc-ng=7.2.0=hdf63c60_3
  - libgfortran-ng=7.2.0=hdf63c60_3
  - libpng=1.6.34=hb9fc6fc_0
  - libprotobuf=3.5.2=h6f1eeef_0
  - libstdcxx-ng=7.2.0=hdf63c60_3
  - libxcb=1.13=h1bed415_1
  - libxml2=2.9.8=h26e45fe_1
  - markdown=2.6.11=py36_0
  - matplotlib=2.2.2=py36h0e671d2_1
  - mkl=2018.0.3=1
  - ncurses=6.1=hf484d3e_0
  - numpy=1.12.1=py36he24570b_1
  - openssl=1.0.2o=h20670df_0
  - pandas=0.20.1=np112py36_0
  - pcre=8.42=h439df22_0
  - pip=10.0.1=py36_0
  - protobuf=3.5.2=py36hf484d3e_0
  - pyparsing=2.2.0=py36hee85983_1
  - pyqt=5.9.2=py36h751905a_0
  - python=3.6.5=hc3d631a_2
  - python-dateutil=2.7.3=py36_0
  - pytz=2018.4=py36_0
  - pyyaml=3.12=py36hafb9ca4_1
  - qt=5.9.5=h7e424d6_0
  - readline=7.0=ha6073c6_4
  - scikit-learn=0.19.1=py36h7aa7ec6_0
  - scipy=0.19.1=py36h9976243_3
  - setuptools=39.2.0=py36_0
  - sip=4.19.8=py36hf484d3e_0
  - six=1.11.0=py36h372c433_1
  - sqlite=3.23.1=he433501_0
  - tensorflow=1.5.0=0
  - tensorflow-base=1.5.0=py36hff88cb2_1
  - tensorflow-tensorboard=1.5.1=py36hf484d3e_1
  - tk=8.6.7=hc745277_3
  - tornado=5.0.2=py36_0
  - werkzeug=0.14.1=py36_0
  - wheel=0.31.1=py36_0
  - xlrd=1.0.0=py36_0
  - xz=5.2.4=h14c3975_4
  - yaml=0.1.7=had09818_2
  - zlib=1.2.11=ha838bed_2
prefix: /home/buechel/.bin/anaconda3/envs/julie-coling-2018

